Total grains detected: 1099
Grain areas (pixels):
95.5
24.0
24.0
430.0
70.5
41.5
85.5
346.0
142.5
45.5
76.0
172.0
253.5
56.5
41.0
127.0
44.5
71.0
58.0
192.0
40.5
181.5
30.0
23.5
1166.5
22.5
118.0
51.0
127.0
25.0
64.0
335.0
131.5
45.0
35.0
75.5
61.0
52.0
46.5
91.0
28.0
54.5
59.5
128.0
375.5
119.5
365.5
23.0
207.0
67.0
117.0
52.5
227.0
75.0
41.5
34.0
273.0
274.5
220.0
121.5
144.0
21.5
41.5
47.5
51.0
1617.5
21.5
52.0
226.0
51.5
144.0
126.0
209.5
31.0
37.0
247.0
73.0
36.0
709.5
26.5
66.0
115.5
46.0
25.5
916.0
31.5
69.5
22.0
127.0
504.0
22.0
437.5
122.5
148.0
232.0
648.5
626.5
63.5
43.5
30.5
348.0
475.0
28.5
1411.5
184.0
71.0
651.0
316.0
137.0
92.5
21.0
24.0
67.0
129.5
176.0
22.0
235.5
226.0
665.0
293.0
200.0
30.5
478.5
44.0
140.0
231.5
61.0
148.0
963.5
68.0
328.0
219.5
30.5
137.0
347.5
51.5
96.5
527.0
152.0
92.0
661.5
21.5
141.5
67.0
148.0
152.0
129.0
310.0
41.0
34.0
22.0
46.5
461.0
76.0
56.5
21.0
327.0
153.5
150.5
29.5
30.5
39.0
38.5
285.0
132.0
114.5
22.0
25.0
33.0
30.0
71.5
30.0
45.5
55.0
67.5
50.5
20.5
89.5
42.0
137.0
32.5
42.5
38.0
30.5
59.5
37.5
50.5
42.0
174.0
32.0
195.5
39.0
67.5
63.0
90.0
37.0
72.0
240.0
128.0
26.5
95.5
30.5
23.0
30.5
1044.5
32.0
47.0
104.0
28.0
98.0
83.5
203.0
25.0
55.5
37.0
22.0
36.5
31.0
65.5
21.0
25.0
63.5
27.0
100.5
218.0
32.0
36.0
33.5
31.0
59.0
78.5
104.5
120.0
45.0
40.5
47.5
22.0
32.5
24.5
33.0
29.5
160.0
30.0
29.5
155.0
21.0
57.5
168.5
56.0
489.5
80.0
20.5
135.0
211.5
23.0
129.5
22.0
24.5
207.0
22.5
71.0
23.0
29.5
31.5
24.5
254.5
193.5
23.5
35.5
77.5
671.0
47.5
472.0
29.0
37.0
36.5
64.0
72.5
29.5
24.0
50.0
143.5
115.5
129.5
21.0
72.5
167.5
198.0
22.5
232.0
47.5
30.5
35.0
45.5
31.0
89.0
41.0
244.5
170.0
112.0
107.5
38.0
39.5
38.0
74.5
43.0
173.5
23.5
117.0
108.0
30.5
50.0
96.0
43.5
58.5
70.0
72.5
342.0
28.5
49.5
47.5
43.5
21.5
89.5
84.0
25.5
120.0
108.0
99.5
567.0
35.0
110.0
499.0
23.0
25.0
37.5
55.0
1346.5
149.0
44.0
62.5
135.0
24.5
29.5
35.5
60.0
29.5
27.0
78.5
170.5
285.0
88.5
61.5
24.5
93.5
48.0
56.0
107.0
25.5
34.0
43.0
99.5
62.0
169.5
150.5
35.0
79.5
273.0
155.5
47.5
85.0
21.0
51.5
44.0
23.5
46.0
275.5
70.5
45.0
66.5
577.0
48.0
56.5
29.0
26.0
125.5
235.0
71.5
53.5
80.5
455.0
37.0
92.5
307.5
58.0
27.0
92.0
24.5
20.5
21.5
24.0
223.0
173.5
76.5
77.0
35.5
334.0
34.5
68.5
153.0
500.0
21.5
94.0
89.5
70.5
21.0
49.0
27.5
64.0
25.5
26.0
29.0
25.5
63.0
22.0
85.0
227.0
25.5
41.0
66.0
22.0
493.0
27.5
132.5
42.5
22.0
115.0
31.5
1541.0
38.5
44.0
20.5
26.0
111.5
140.5
34.0
26.0
320.0
41.0
103.0
21.5
51.0
514.0
23.5
32.5
96.0
6572.0
25.5
25.0
26.5
76.0
45.0
69.5
478.5
162.5
68.0
116.5
22.0
195.5
113.5
77.5
23.5
24.0
156.0
588.0
21.5
57.0
30.0
267.0
208.5
23.0
222.5
144.0
29.5
21.5
32.5
59.5
62.5
237.0
75.5
54.5
67.5
72.5
30.5
40.5
252.0
31.0
27.0
112.5
35.0
45.0
83.5
27.5
56.0
153.0
331.5
42.0
80.5
50.0
24.0
44.0
228.0
93.0
46.0
482.0
336.0
66.5
44.0
475.0
29.5
39.5
57.0
657.5
244.0
22.5
70.5
55.5
110.5
33.5
37.5
48.0
89.5
194.5
89.5
58.5
107.5
39.0
26.5
26.5
69.5
196.0
26.5
196.0
38.5
72.5
602.5
41.5
117.0
118.5
156.5
26.5
207.5
76.0
201.0
55.5
37.0
40.5
134.5
72.5
63.0
198.0
353.5
65.5
109.0
7462.0
47.5
144.0
34.5
30.0
64.0
47.0
183.5
38.5
43.5
25.0
35.5
99.5
1655.5
142.0
32.0
193.0
526.5
57.5
240.5
74.5
40.0
23.0
219.0
49.5
42.0
21.5
27.0
125.0
48.5
42.5
21.0
267.5
22.5
24.0
88.0
174.5
35.0
73.0
235.0
39.0
42.5
26.0
320.0
22.5
94.5
28.5
74.5
335.5
50.0
135.5
52.5
76.5
20.5
167.0
155.0
83.0
24.5
30.5
23.0
99.5
46.0
65.5
26.0
74.5
33.0
113.5
27.5
281.0
58.5
85.5
42.0
839.5
81.0
43.5
57.0
44.0
96.5
21.0
34.0
227.0
39.0
102.0
129.0
73.0
173.0
132.0
38.5
30.0
163.0
23.0
48.5
30.0
158.0
30.0
565.0
23.0
24.0
26.0
22.0
121.5
76.5
195.5
9108.0
27.0
40.0
37.0
40.5
1451.0
564.0
102.0
23.0
50.5
59.0
90.5
141.0
72.5
178.5
187.5
64.5
31.0
29.5
37.5
27.5
50.0
75.5
68.0
77.5
27.0
27.0
533.5
22.0
38.0
28.5
86.0
75.5
56.0
62.0
24.0
68.5
23.5
36.5
32.0
21.0
54.0
399.5
250.5
73.5
31.5
27.5
117.0
113.5
24.0
34.5
39.0
73.5
58.0
1057.0
62.5
241.5
21.0
55.5
105.0
33.0
82.5
69.0
35.5
20.5
54.5
45.5
532.5
248.5
21.0
33.0
36.5
23.5
22.0
24.5
21.5
371.5
24.0
29.0
60.5
114.0
357.0
28.5
339.5
36.5
187.0
46.0
45.0
139.0
30.5
37.5
234.5
107.0
94.0
48.0
51.5
21.0
31.0
7969.0
222.0
22.0
23.0
22.5
173.5
21.0
24.5
26.5
146.5
70.5
35.0
88.5
561.5
154.0
410.0
62.5
136.5
52.0
37.0
67.5
35.5
31.0
35.5
1570.5
143.5
49.5
663.0
66.0
178.5
21.5
23.5
46.5
71.0
47.0
22.5
192.5
51.5
83.5
21.5
43.0
199.5
157.5
87.5
72.0
80.5
174.5
295.0
251.0
49.5
35.5
103.5
864.5
44.0
56.5
28.5
72.5
122.5
67.0
809.0
26.5
80.0
451.5
82.0
35.5
27.0
638.0
79.5
49.5
38.0
25.5
22.0
47.5
35.5
36.5
35.0
41.5
194.0
61.0
122.0
27.0
50.5
415.0
178.0
59.5
32.0
21.5
32.5
50.5
252.0
316.5
34.0
41.5
43.0
96.0
99.5
39.5
36.5
112.5
48.0
48.5
1676.5
70.5
49.5
22.5
31.0
24.5
21.0
32.0
26.0
63.5
29.0
23.0
77.5
72.5
27.5
407.0
121.5
66.5
276.0
1766.0
97.5
37.5
27.5
475.5
222.0
149.0
52.0
26.5
141.5
28.0
424.0
118.0
137.0
32.0
149.5
26.5
54.5
280.5
39.5
104.0
81.5
1705.5
288.0
311.5
58.5
2484.0
873.0
744.0
51.5
46.0
222.5
84.0
192.0
112.5
1240.0
280.5
72.0
631.5
55.0
3242.0
65.0
164.5
79.0
32.5
35.0
1156.5
37.5
95.0
116.5
2029.5
22.0
134.5
85.0
48.5
462.0
158.5
1106.5
130.5
182.5
63.5
29.5
33.5
257.5
121.0
292.0
99.5
43.5
137539.5
359.0
121.5
22.0
67.5
1648.0
321.0
415.5
112.5
369.5
85.0
52.0
541.0
140.5
62.0
41.0
270.0
86.0
30.5
791.0
22.0
86.0
123.5
1917.5
26.5
101.5
168.0
142.0
103.0
253.5
99.5
80.0
394.0
36.5
146.0
103.0
91.0
46.0
346.0
71.0
43.5
40.5
486.0
376.0
136.0
168.5
149.5
1467.0
44.5
160.5
26.5
47.0
69.5
23.5
465.0
79.0
122.0
430.5
49.5
92.0
1410.5
61.5
57.5
188.0
97.5
25.5
39.0
158.5
37.0
84.5
42.5
1968.5
27.5
307.5
403.0
369.5
39.0
80.0
48.5
168.0
125.0
223.5
1905.5
41.0
30.0
97.0
22.0
25.5
50.0
20.5
332.0
98.0
47.0
29.5
31.0
686.5
64.0
134.5
70.0
71.5
43.5
29.0
74.5
92.5
74.5
34.5
49.5
61.0
35.5
23.5
351.0
22.0
484.5
41.5
418.0
66.5
26.0
21.0
22.5
108.0
51.0
28.0
37.5
34.5
169.5
102.5
82.0
160.5
27.0
70.0
35.5
36.0
28.5
261.5
39.0
64.5
159.5
202.0
26.5
21.5
21.0
40.0
22.0
43.5
109.0
41.5
