Total grains detected: 133
Mean area: 0.9228063636363637
Median area: 0.5180560000000001
Beach Classification: Coarse sand
Grain areas (mm^2):
0.316216
0.7535360000000001
0.282576
0.578608
0.43732000000000004
0.27584800000000004
0.592064
0.316216
0.322944
0.30948800000000004
1.6349040000000001
0.37004000000000004
0.9553760000000001
0.349856
0.41040800000000005
0.450776
0.33640000000000003
0.289304
2.8594000000000004
0.457504
0.282576
0.322944
0.43732000000000004
2.22024
0.53824
0.531512
0.289304
1.231224
0.6862560000000001
0.544968
0.7064400000000001
0.565152
0.578608
1.298504
0.6526160000000001
0.484416
9.378832000000001
0.881368
0.511328
4.359744
3.6129360000000004
0.322944
0.6728000000000001
0.531512
0.27584800000000004
0.5516960000000001
0.37004000000000004
0.43732000000000004
0.49787200000000004
1.540712
0.33640000000000003
0.679528
0.289304
0.349856
1.399424
0.8746400000000001
0.800632
0.37004000000000004
0.27584800000000004
0.43732000000000004
0.33640000000000003
1.1774
0.282576
0.316216
1.137032
0.46423200000000003
0.43732000000000004
0.33640000000000003
0.289304
0.6391600000000001
0.49787200000000004
0.34312800000000004
1.668544
0.417136
0.544968
0.396952
0.322944
1.3725120000000002
0.457504
0.8208160000000001
1.7021840000000001
0.30276000000000003
0.6391600000000001
0.34312800000000004
0.5180560000000001
0.578608
2.179872
0.659344
0.322944
0.27584800000000004
0.948648
0.5853360000000001
1.4196080000000002
0.296032
1.338872
7.340248000000001
0.34312800000000004
1.137032
0.780448
1.11012
0.383496
1.14376
0.329672
0.46423200000000003
2.004944
0.356584
0.282576
0.5180560000000001
0.282576
1.6214480000000002
0.5853360000000001
0.6862560000000001
0.935192
0.457504
1.163944
0.356584
0.37004000000000004
0.6728000000000001
0.8746400000000001
1.04284
0.30948800000000004
0.948648
0.30948800000000004
0.43059200000000003
0.37004000000000004
0.383496
0.632432
0.565152
12.345880000000001
1.5003440000000001
0.659344
0.316216
